{
 "cells": [
  {
   "cell_type": "code",
   "execution_count": 1,
   "metadata": {},
   "outputs": [],
   "source": [
    "import os, glob\n",
    "import csv"
   ]
  },
  {
   "cell_type": "code",
   "execution_count": 2,
   "metadata": {},
   "outputs": [],
   "source": [
    "import pandas as pd"
   ]
  },
  {
   "cell_type": "code",
   "execution_count": 3,
   "metadata": {},
   "outputs": [],
   "source": [
    "path = \"C:/Users/Shreeram/Desktop/Machine Learning/csv/Data/Sample Data Set #2\""
   ]
  },
  {
   "cell_type": "code",
   "execution_count": 4,
   "metadata": {},
   "outputs": [
    {
     "data": {
      "text/plain": [
       "['C:/Users/Shreeram/Desktop/Machine Learning/csv/Data/Sample Data Set #2\\\\0.1mS.csv',\n",
       " 'C:/Users/Shreeram/Desktop/Machine Learning/csv/Data/Sample Data Set #2\\\\100mS.csv',\n",
       " 'C:/Users/Shreeram/Desktop/Machine Learning/csv/Data/Sample Data Set #2\\\\10Ms.csv',\n",
       " 'C:/Users/Shreeram/Desktop/Machine Learning/csv/Data/Sample Data Set #2\\\\1mS.csv']"
      ]
     },
     "metadata": {},
     "output_type": "display_data"
    }
   ],
   "source": [
    "# Creating a path for all csv files\n",
    "all_files = glob.glob(os.path.join(path, \"*.csv\"))\n",
    "display(all_files)"
   ]
  },
  {
   "cell_type": "code",
   "execution_count": 5,
   "metadata": {},
   "outputs": [],
   "source": [
    "#Reading all .csv files\n",
    "all_csv = (pd.read_csv(f, sep=',') for f in all_files)"
   ]
  },
  {
   "cell_type": "code",
   "execution_count": 6,
   "metadata": {},
   "outputs": [],
   "source": [
    "# Merging all .csv files\n",
    "df_merged   = pd.concat(all_csv, ignore_index=True)\n"
   ]
  },
  {
   "cell_type": "code",
   "execution_count": 7,
   "metadata": {},
   "outputs": [],
   "source": [
    "mg = df_merged.drop([\"#NAME?\",\"|Z|/Ohm\",\"Phase(Z)/deg\",\"time/s\",\"<Ewe>/V\",\"<I>/mA\",\"Cs/µF\",\"Cp/µF\"],axis = 1)"
   ]
  },
  {
   "cell_type": "code",
   "execution_count": 8,
   "metadata": {},
   "outputs": [],
   "source": [
    "mg = mg.drop([\"cycle number\",\"I Range\",\"|Ewe|/V\",\"|I|/A\",\"THD Ewe/%\",\"NSD Ewe/%\",\"NSR Ewe/%\",\"THD I/%\",\"NSD I/%\",\"NSR I/%\",\"Re(Y)/Ohm-1\",\"Im(Y)/Ohm-1\",\"|Y|/Ohm-1\",\"Phase(Y)/deg\"],axis=1)"
   ]
  },
  {
   "cell_type": "code",
   "execution_count": 9,
   "metadata": {},
   "outputs": [],
   "source": [
    "mg = mg.groupby('freq/Hz')['Re(Z)/Ohm'].apply(lambda x: pd.Series(list(x))).unstack()"
   ]
  },
  {
   "cell_type": "code",
   "execution_count": 10,
   "metadata": {},
   "outputs": [],
   "source": [
    "mg.to_csv('data.csv')"
   ]
  },
  {
   "cell_type": "code",
   "execution_count": 11,
   "metadata": {},
   "outputs": [
    {
     "data": {
      "text/html": [
       "<div>\n",
       "<style scoped>\n",
       "    .dataframe tbody tr th:only-of-type {\n",
       "        vertical-align: middle;\n",
       "    }\n",
       "\n",
       "    .dataframe tbody tr th {\n",
       "        vertical-align: top;\n",
       "    }\n",
       "\n",
       "    .dataframe thead th {\n",
       "        text-align: right;\n",
       "    }\n",
       "</style>\n",
       "<table border=\"1\" class=\"dataframe\">\n",
       "  <thead>\n",
       "    <tr style=\"text-align: right;\">\n",
       "      <th></th>\n",
       "      <th>freq/Hz</th>\n",
       "      <th>0</th>\n",
       "      <th>1</th>\n",
       "      <th>2</th>\n",
       "      <th>3</th>\n",
       "    </tr>\n",
       "  </thead>\n",
       "  <tbody>\n",
       "    <tr>\n",
       "      <th>0</th>\n",
       "      <td>0.134</td>\n",
       "      <td>173000.0</td>\n",
       "      <td>NaN</td>\n",
       "      <td>NaN</td>\n",
       "      <td>NaN</td>\n",
       "    </tr>\n",
       "    <tr>\n",
       "      <th>1</th>\n",
       "      <td>0.141</td>\n",
       "      <td>171000.0</td>\n",
       "      <td>NaN</td>\n",
       "      <td>NaN</td>\n",
       "      <td>NaN</td>\n",
       "    </tr>\n",
       "    <tr>\n",
       "      <th>2</th>\n",
       "      <td>0.150</td>\n",
       "      <td>168000.0</td>\n",
       "      <td>NaN</td>\n",
       "      <td>NaN</td>\n",
       "      <td>NaN</td>\n",
       "    </tr>\n",
       "    <tr>\n",
       "      <th>3</th>\n",
       "      <td>0.159</td>\n",
       "      <td>166000.0</td>\n",
       "      <td>NaN</td>\n",
       "      <td>NaN</td>\n",
       "      <td>NaN</td>\n",
       "    </tr>\n",
       "    <tr>\n",
       "      <th>4</th>\n",
       "      <td>0.168</td>\n",
       "      <td>164000.0</td>\n",
       "      <td>NaN</td>\n",
       "      <td>NaN</td>\n",
       "      <td>NaN</td>\n",
       "    </tr>\n",
       "  </tbody>\n",
       "</table>\n",
       "</div>"
      ],
      "text/plain": [
       "   freq/Hz         0   1   2   3\n",
       "0    0.134  173000.0 NaN NaN NaN\n",
       "1    0.141  171000.0 NaN NaN NaN\n",
       "2    0.150  168000.0 NaN NaN NaN\n",
       "3    0.159  166000.0 NaN NaN NaN\n",
       "4    0.168  164000.0 NaN NaN NaN"
      ]
     },
     "execution_count": 11,
     "metadata": {},
     "output_type": "execute_result"
    }
   ],
   "source": [
    "# reading new merged csv file as merged\n",
    "mg= pd.read_csv('data.csv')\n",
    "mg.head()"
   ]
  },
  {
   "cell_type": "code",
   "execution_count": 12,
   "metadata": {},
   "outputs": [],
   "source": [
    "# reading new merged csv file as merged\n",
    "mg.dropna(subset = [\"1\",\"2\",\"3\"], inplace=True)"
   ]
  },
  {
   "cell_type": "code",
   "execution_count": 13,
   "metadata": {},
   "outputs": [
    {
     "data": {
      "text/html": [
       "<div>\n",
       "<style scoped>\n",
       "    .dataframe tbody tr th:only-of-type {\n",
       "        vertical-align: middle;\n",
       "    }\n",
       "\n",
       "    .dataframe tbody tr th {\n",
       "        vertical-align: top;\n",
       "    }\n",
       "\n",
       "    .dataframe thead th {\n",
       "        text-align: right;\n",
       "    }\n",
       "</style>\n",
       "<table border=\"1\" class=\"dataframe\">\n",
       "  <thead>\n",
       "    <tr style=\"text-align: right;\">\n",
       "      <th></th>\n",
       "      <th>freq/Hz</th>\n",
       "      <th>0</th>\n",
       "      <th>1</th>\n",
       "      <th>2</th>\n",
       "      <th>3</th>\n",
       "    </tr>\n",
       "  </thead>\n",
       "  <tbody>\n",
       "    <tr>\n",
       "      <th>505</th>\n",
       "      <td>116000.0</td>\n",
       "      <td>1750.0</td>\n",
       "      <td>43.5</td>\n",
       "      <td>418.0</td>\n",
       "      <td>3400.0</td>\n",
       "    </tr>\n",
       "    <tr>\n",
       "      <th>512</th>\n",
       "      <td>146000.0</td>\n",
       "      <td>1450.0</td>\n",
       "      <td>43.1</td>\n",
       "      <td>416.0</td>\n",
       "      <td>3130.0</td>\n",
       "    </tr>\n",
       "    <tr>\n",
       "      <th>599</th>\n",
       "      <td>1040000.0</td>\n",
       "      <td>831.0</td>\n",
       "      <td>41.2</td>\n",
       "      <td>369.0</td>\n",
       "      <td>248.0</td>\n",
       "    </tr>\n",
       "    <tr>\n",
       "      <th>600</th>\n",
       "      <td>1100000.0</td>\n",
       "      <td>807.0</td>\n",
       "      <td>41.2</td>\n",
       "      <td>364.0</td>\n",
       "      <td>234.0</td>\n",
       "    </tr>\n",
       "    <tr>\n",
       "      <th>601</th>\n",
       "      <td>1170000.0</td>\n",
       "      <td>774.0</td>\n",
       "      <td>41.2</td>\n",
       "      <td>358.0</td>\n",
       "      <td>224.0</td>\n",
       "    </tr>\n",
       "    <tr>\n",
       "      <th>602</th>\n",
       "      <td>1240000.0</td>\n",
       "      <td>748.0</td>\n",
       "      <td>41.1</td>\n",
       "      <td>352.0</td>\n",
       "      <td>213.0</td>\n",
       "    </tr>\n",
       "    <tr>\n",
       "      <th>603</th>\n",
       "      <td>1310000.0</td>\n",
       "      <td>725.0</td>\n",
       "      <td>41.2</td>\n",
       "      <td>346.0</td>\n",
       "      <td>205.0</td>\n",
       "    </tr>\n",
       "    <tr>\n",
       "      <th>604</th>\n",
       "      <td>1390000.0</td>\n",
       "      <td>696.0</td>\n",
       "      <td>41.1</td>\n",
       "      <td>339.0</td>\n",
       "      <td>199.0</td>\n",
       "    </tr>\n",
       "    <tr>\n",
       "      <th>605</th>\n",
       "      <td>1470000.0</td>\n",
       "      <td>674.0</td>\n",
       "      <td>41.2</td>\n",
       "      <td>331.0</td>\n",
       "      <td>193.0</td>\n",
       "    </tr>\n",
       "    <tr>\n",
       "      <th>606</th>\n",
       "      <td>1560000.0</td>\n",
       "      <td>650.0</td>\n",
       "      <td>41.1</td>\n",
       "      <td>322.0</td>\n",
       "      <td>188.0</td>\n",
       "    </tr>\n",
       "    <tr>\n",
       "      <th>607</th>\n",
       "      <td>1650000.0</td>\n",
       "      <td>621.0</td>\n",
       "      <td>41.2</td>\n",
       "      <td>311.0</td>\n",
       "      <td>185.0</td>\n",
       "    </tr>\n",
       "    <tr>\n",
       "      <th>608</th>\n",
       "      <td>1750000.0</td>\n",
       "      <td>601.0</td>\n",
       "      <td>41.2</td>\n",
       "      <td>302.0</td>\n",
       "      <td>181.0</td>\n",
       "    </tr>\n",
       "    <tr>\n",
       "      <th>613</th>\n",
       "      <td>2080000.0</td>\n",
       "      <td>536.0</td>\n",
       "      <td>41.3</td>\n",
       "      <td>270.0</td>\n",
       "      <td>171.0</td>\n",
       "    </tr>\n",
       "    <tr>\n",
       "      <th>620</th>\n",
       "      <td>2620000.0</td>\n",
       "      <td>456.0</td>\n",
       "      <td>41.4</td>\n",
       "      <td>218.0</td>\n",
       "      <td>187.0</td>\n",
       "    </tr>\n",
       "    <tr>\n",
       "      <th>621</th>\n",
       "      <td>2780000.0</td>\n",
       "      <td>439.0</td>\n",
       "      <td>41.5</td>\n",
       "      <td>204.0</td>\n",
       "      <td>178.0</td>\n",
       "    </tr>\n",
       "    <tr>\n",
       "      <th>624</th>\n",
       "      <td>3120000.0</td>\n",
       "      <td>378.0</td>\n",
       "      <td>41.5</td>\n",
       "      <td>175.0</td>\n",
       "      <td>161.0</td>\n",
       "    </tr>\n",
       "    <tr>\n",
       "      <th>627</th>\n",
       "      <td>3500000.0</td>\n",
       "      <td>340.0</td>\n",
       "      <td>41.7</td>\n",
       "      <td>146.0</td>\n",
       "      <td>133.0</td>\n",
       "    </tr>\n",
       "    <tr>\n",
       "      <th>628</th>\n",
       "      <td>3710000.0</td>\n",
       "      <td>321.0</td>\n",
       "      <td>41.8</td>\n",
       "      <td>130.0</td>\n",
       "      <td>122.0</td>\n",
       "    </tr>\n",
       "    <tr>\n",
       "      <th>629</th>\n",
       "      <td>3930000.0</td>\n",
       "      <td>278.0</td>\n",
       "      <td>41.8</td>\n",
       "      <td>114.0</td>\n",
       "      <td>114.0</td>\n",
       "    </tr>\n",
       "    <tr>\n",
       "      <th>630</th>\n",
       "      <td>4160000.0</td>\n",
       "      <td>260.0</td>\n",
       "      <td>42.3</td>\n",
       "      <td>98.4</td>\n",
       "      <td>95.7</td>\n",
       "    </tr>\n",
       "    <tr>\n",
       "      <th>631</th>\n",
       "      <td>4410000.0</td>\n",
       "      <td>249.0</td>\n",
       "      <td>42.4</td>\n",
       "      <td>83.1</td>\n",
       "      <td>96.2</td>\n",
       "    </tr>\n",
       "    <tr>\n",
       "      <th>632</th>\n",
       "      <td>4670000.0</td>\n",
       "      <td>228.0</td>\n",
       "      <td>42.1</td>\n",
       "      <td>68.4</td>\n",
       "      <td>77.1</td>\n",
       "    </tr>\n",
       "    <tr>\n",
       "      <th>633</th>\n",
       "      <td>4950000.0</td>\n",
       "      <td>138.0</td>\n",
       "      <td>42.0</td>\n",
       "      <td>56.7</td>\n",
       "      <td>68.0</td>\n",
       "    </tr>\n",
       "    <tr>\n",
       "      <th>638</th>\n",
       "      <td>5890000.0</td>\n",
       "      <td>301.0</td>\n",
       "      <td>40.4</td>\n",
       "      <td>31.7</td>\n",
       "      <td>50.2</td>\n",
       "    </tr>\n",
       "    <tr>\n",
       "      <th>639</th>\n",
       "      <td>6240000.0</td>\n",
       "      <td>312.0</td>\n",
       "      <td>39.2</td>\n",
       "      <td>23.8</td>\n",
       "      <td>78.5</td>\n",
       "    </tr>\n",
       "    <tr>\n",
       "      <th>640</th>\n",
       "      <td>6610000.0</td>\n",
       "      <td>179.0</td>\n",
       "      <td>37.6</td>\n",
       "      <td>23.1</td>\n",
       "      <td>83.1</td>\n",
       "    </tr>\n",
       "    <tr>\n",
       "      <th>641</th>\n",
       "      <td>7000000.0</td>\n",
       "      <td>142.0</td>\n",
       "      <td>35.3</td>\n",
       "      <td>14.8</td>\n",
       "      <td>59.3</td>\n",
       "    </tr>\n",
       "  </tbody>\n",
       "</table>\n",
       "</div>"
      ],
      "text/plain": [
       "       freq/Hz       0     1      2       3\n",
       "505   116000.0  1750.0  43.5  418.0  3400.0\n",
       "512   146000.0  1450.0  43.1  416.0  3130.0\n",
       "599  1040000.0   831.0  41.2  369.0   248.0\n",
       "600  1100000.0   807.0  41.2  364.0   234.0\n",
       "601  1170000.0   774.0  41.2  358.0   224.0\n",
       "602  1240000.0   748.0  41.1  352.0   213.0\n",
       "603  1310000.0   725.0  41.2  346.0   205.0\n",
       "604  1390000.0   696.0  41.1  339.0   199.0\n",
       "605  1470000.0   674.0  41.2  331.0   193.0\n",
       "606  1560000.0   650.0  41.1  322.0   188.0\n",
       "607  1650000.0   621.0  41.2  311.0   185.0\n",
       "608  1750000.0   601.0  41.2  302.0   181.0\n",
       "613  2080000.0   536.0  41.3  270.0   171.0\n",
       "620  2620000.0   456.0  41.4  218.0   187.0\n",
       "621  2780000.0   439.0  41.5  204.0   178.0\n",
       "624  3120000.0   378.0  41.5  175.0   161.0\n",
       "627  3500000.0   340.0  41.7  146.0   133.0\n",
       "628  3710000.0   321.0  41.8  130.0   122.0\n",
       "629  3930000.0   278.0  41.8  114.0   114.0\n",
       "630  4160000.0   260.0  42.3   98.4    95.7\n",
       "631  4410000.0   249.0  42.4   83.1    96.2\n",
       "632  4670000.0   228.0  42.1   68.4    77.1\n",
       "633  4950000.0   138.0  42.0   56.7    68.0\n",
       "638  5890000.0   301.0  40.4   31.7    50.2\n",
       "639  6240000.0   312.0  39.2   23.8    78.5\n",
       "640  6610000.0   179.0  37.6   23.1    83.1\n",
       "641  7000000.0   142.0  35.3   14.8    59.3"
      ]
     },
     "execution_count": 13,
     "metadata": {},
     "output_type": "execute_result"
    }
   ],
   "source": [
    "mg"
   ]
  },
  {
   "cell_type": "code",
   "execution_count": 14,
   "metadata": {},
   "outputs": [],
   "source": [
    "mg.sort_values('freq/Hz',ascending = False, inplace = True)"
   ]
  },
  {
   "cell_type": "code",
   "execution_count": 15,
   "metadata": {},
   "outputs": [
    {
     "data": {
      "text/html": [
       "<div>\n",
       "<style scoped>\n",
       "    .dataframe tbody tr th:only-of-type {\n",
       "        vertical-align: middle;\n",
       "    }\n",
       "\n",
       "    .dataframe tbody tr th {\n",
       "        vertical-align: top;\n",
       "    }\n",
       "\n",
       "    .dataframe thead th {\n",
       "        text-align: right;\n",
       "    }\n",
       "</style>\n",
       "<table border=\"1\" class=\"dataframe\">\n",
       "  <thead>\n",
       "    <tr style=\"text-align: right;\">\n",
       "      <th></th>\n",
       "      <th>freq/Hz</th>\n",
       "      <th>0</th>\n",
       "      <th>1</th>\n",
       "      <th>2</th>\n",
       "      <th>3</th>\n",
       "    </tr>\n",
       "  </thead>\n",
       "  <tbody>\n",
       "    <tr>\n",
       "      <th>641</th>\n",
       "      <td>7000000.0</td>\n",
       "      <td>142.0</td>\n",
       "      <td>35.3</td>\n",
       "      <td>14.8</td>\n",
       "      <td>59.3</td>\n",
       "    </tr>\n",
       "    <tr>\n",
       "      <th>640</th>\n",
       "      <td>6610000.0</td>\n",
       "      <td>179.0</td>\n",
       "      <td>37.6</td>\n",
       "      <td>23.1</td>\n",
       "      <td>83.1</td>\n",
       "    </tr>\n",
       "    <tr>\n",
       "      <th>639</th>\n",
       "      <td>6240000.0</td>\n",
       "      <td>312.0</td>\n",
       "      <td>39.2</td>\n",
       "      <td>23.8</td>\n",
       "      <td>78.5</td>\n",
       "    </tr>\n",
       "    <tr>\n",
       "      <th>638</th>\n",
       "      <td>5890000.0</td>\n",
       "      <td>301.0</td>\n",
       "      <td>40.4</td>\n",
       "      <td>31.7</td>\n",
       "      <td>50.2</td>\n",
       "    </tr>\n",
       "    <tr>\n",
       "      <th>633</th>\n",
       "      <td>4950000.0</td>\n",
       "      <td>138.0</td>\n",
       "      <td>42.0</td>\n",
       "      <td>56.7</td>\n",
       "      <td>68.0</td>\n",
       "    </tr>\n",
       "    <tr>\n",
       "      <th>632</th>\n",
       "      <td>4670000.0</td>\n",
       "      <td>228.0</td>\n",
       "      <td>42.1</td>\n",
       "      <td>68.4</td>\n",
       "      <td>77.1</td>\n",
       "    </tr>\n",
       "    <tr>\n",
       "      <th>631</th>\n",
       "      <td>4410000.0</td>\n",
       "      <td>249.0</td>\n",
       "      <td>42.4</td>\n",
       "      <td>83.1</td>\n",
       "      <td>96.2</td>\n",
       "    </tr>\n",
       "    <tr>\n",
       "      <th>630</th>\n",
       "      <td>4160000.0</td>\n",
       "      <td>260.0</td>\n",
       "      <td>42.3</td>\n",
       "      <td>98.4</td>\n",
       "      <td>95.7</td>\n",
       "    </tr>\n",
       "    <tr>\n",
       "      <th>629</th>\n",
       "      <td>3930000.0</td>\n",
       "      <td>278.0</td>\n",
       "      <td>41.8</td>\n",
       "      <td>114.0</td>\n",
       "      <td>114.0</td>\n",
       "    </tr>\n",
       "    <tr>\n",
       "      <th>628</th>\n",
       "      <td>3710000.0</td>\n",
       "      <td>321.0</td>\n",
       "      <td>41.8</td>\n",
       "      <td>130.0</td>\n",
       "      <td>122.0</td>\n",
       "    </tr>\n",
       "    <tr>\n",
       "      <th>627</th>\n",
       "      <td>3500000.0</td>\n",
       "      <td>340.0</td>\n",
       "      <td>41.7</td>\n",
       "      <td>146.0</td>\n",
       "      <td>133.0</td>\n",
       "    </tr>\n",
       "    <tr>\n",
       "      <th>624</th>\n",
       "      <td>3120000.0</td>\n",
       "      <td>378.0</td>\n",
       "      <td>41.5</td>\n",
       "      <td>175.0</td>\n",
       "      <td>161.0</td>\n",
       "    </tr>\n",
       "    <tr>\n",
       "      <th>621</th>\n",
       "      <td>2780000.0</td>\n",
       "      <td>439.0</td>\n",
       "      <td>41.5</td>\n",
       "      <td>204.0</td>\n",
       "      <td>178.0</td>\n",
       "    </tr>\n",
       "    <tr>\n",
       "      <th>620</th>\n",
       "      <td>2620000.0</td>\n",
       "      <td>456.0</td>\n",
       "      <td>41.4</td>\n",
       "      <td>218.0</td>\n",
       "      <td>187.0</td>\n",
       "    </tr>\n",
       "    <tr>\n",
       "      <th>613</th>\n",
       "      <td>2080000.0</td>\n",
       "      <td>536.0</td>\n",
       "      <td>41.3</td>\n",
       "      <td>270.0</td>\n",
       "      <td>171.0</td>\n",
       "    </tr>\n",
       "    <tr>\n",
       "      <th>608</th>\n",
       "      <td>1750000.0</td>\n",
       "      <td>601.0</td>\n",
       "      <td>41.2</td>\n",
       "      <td>302.0</td>\n",
       "      <td>181.0</td>\n",
       "    </tr>\n",
       "    <tr>\n",
       "      <th>607</th>\n",
       "      <td>1650000.0</td>\n",
       "      <td>621.0</td>\n",
       "      <td>41.2</td>\n",
       "      <td>311.0</td>\n",
       "      <td>185.0</td>\n",
       "    </tr>\n",
       "    <tr>\n",
       "      <th>606</th>\n",
       "      <td>1560000.0</td>\n",
       "      <td>650.0</td>\n",
       "      <td>41.1</td>\n",
       "      <td>322.0</td>\n",
       "      <td>188.0</td>\n",
       "    </tr>\n",
       "    <tr>\n",
       "      <th>605</th>\n",
       "      <td>1470000.0</td>\n",
       "      <td>674.0</td>\n",
       "      <td>41.2</td>\n",
       "      <td>331.0</td>\n",
       "      <td>193.0</td>\n",
       "    </tr>\n",
       "    <tr>\n",
       "      <th>604</th>\n",
       "      <td>1390000.0</td>\n",
       "      <td>696.0</td>\n",
       "      <td>41.1</td>\n",
       "      <td>339.0</td>\n",
       "      <td>199.0</td>\n",
       "    </tr>\n",
       "    <tr>\n",
       "      <th>603</th>\n",
       "      <td>1310000.0</td>\n",
       "      <td>725.0</td>\n",
       "      <td>41.2</td>\n",
       "      <td>346.0</td>\n",
       "      <td>205.0</td>\n",
       "    </tr>\n",
       "    <tr>\n",
       "      <th>602</th>\n",
       "      <td>1240000.0</td>\n",
       "      <td>748.0</td>\n",
       "      <td>41.1</td>\n",
       "      <td>352.0</td>\n",
       "      <td>213.0</td>\n",
       "    </tr>\n",
       "    <tr>\n",
       "      <th>601</th>\n",
       "      <td>1170000.0</td>\n",
       "      <td>774.0</td>\n",
       "      <td>41.2</td>\n",
       "      <td>358.0</td>\n",
       "      <td>224.0</td>\n",
       "    </tr>\n",
       "    <tr>\n",
       "      <th>600</th>\n",
       "      <td>1100000.0</td>\n",
       "      <td>807.0</td>\n",
       "      <td>41.2</td>\n",
       "      <td>364.0</td>\n",
       "      <td>234.0</td>\n",
       "    </tr>\n",
       "    <tr>\n",
       "      <th>599</th>\n",
       "      <td>1040000.0</td>\n",
       "      <td>831.0</td>\n",
       "      <td>41.2</td>\n",
       "      <td>369.0</td>\n",
       "      <td>248.0</td>\n",
       "    </tr>\n",
       "    <tr>\n",
       "      <th>512</th>\n",
       "      <td>146000.0</td>\n",
       "      <td>1450.0</td>\n",
       "      <td>43.1</td>\n",
       "      <td>416.0</td>\n",
       "      <td>3130.0</td>\n",
       "    </tr>\n",
       "    <tr>\n",
       "      <th>505</th>\n",
       "      <td>116000.0</td>\n",
       "      <td>1750.0</td>\n",
       "      <td>43.5</td>\n",
       "      <td>418.0</td>\n",
       "      <td>3400.0</td>\n",
       "    </tr>\n",
       "  </tbody>\n",
       "</table>\n",
       "</div>"
      ],
      "text/plain": [
       "       freq/Hz       0     1      2       3\n",
       "641  7000000.0   142.0  35.3   14.8    59.3\n",
       "640  6610000.0   179.0  37.6   23.1    83.1\n",
       "639  6240000.0   312.0  39.2   23.8    78.5\n",
       "638  5890000.0   301.0  40.4   31.7    50.2\n",
       "633  4950000.0   138.0  42.0   56.7    68.0\n",
       "632  4670000.0   228.0  42.1   68.4    77.1\n",
       "631  4410000.0   249.0  42.4   83.1    96.2\n",
       "630  4160000.0   260.0  42.3   98.4    95.7\n",
       "629  3930000.0   278.0  41.8  114.0   114.0\n",
       "628  3710000.0   321.0  41.8  130.0   122.0\n",
       "627  3500000.0   340.0  41.7  146.0   133.0\n",
       "624  3120000.0   378.0  41.5  175.0   161.0\n",
       "621  2780000.0   439.0  41.5  204.0   178.0\n",
       "620  2620000.0   456.0  41.4  218.0   187.0\n",
       "613  2080000.0   536.0  41.3  270.0   171.0\n",
       "608  1750000.0   601.0  41.2  302.0   181.0\n",
       "607  1650000.0   621.0  41.2  311.0   185.0\n",
       "606  1560000.0   650.0  41.1  322.0   188.0\n",
       "605  1470000.0   674.0  41.2  331.0   193.0\n",
       "604  1390000.0   696.0  41.1  339.0   199.0\n",
       "603  1310000.0   725.0  41.2  346.0   205.0\n",
       "602  1240000.0   748.0  41.1  352.0   213.0\n",
       "601  1170000.0   774.0  41.2  358.0   224.0\n",
       "600  1100000.0   807.0  41.2  364.0   234.0\n",
       "599  1040000.0   831.0  41.2  369.0   248.0\n",
       "512   146000.0  1450.0  43.1  416.0  3130.0\n",
       "505   116000.0  1750.0  43.5  418.0  3400.0"
      ]
     },
     "execution_count": 15,
     "metadata": {},
     "output_type": "execute_result"
    }
   ],
   "source": [
    "mg"
   ]
  },
  {
   "cell_type": "code",
   "execution_count": 16,
   "metadata": {},
   "outputs": [],
   "source": [
    "mg.reset_index(inplace=True)"
   ]
  },
  {
   "cell_type": "code",
   "execution_count": 18,
   "metadata": {},
   "outputs": [],
   "source": [
    "# Renaming Columns\n",
    "mg.rename(columns = {\"0\": \"0.1mS\", \n",
    "                     \"1\":\"1mS\", \"2\":\"10mS\",\"3\": \"100mS\"}, \n",
    "                   inplace = True)"
   ]
  },
  {
   "cell_type": "code",
   "execution_count": 19,
   "metadata": {},
   "outputs": [
    {
     "data": {
      "text/html": [
       "<div>\n",
       "<style scoped>\n",
       "    .dataframe tbody tr th:only-of-type {\n",
       "        vertical-align: middle;\n",
       "    }\n",
       "\n",
       "    .dataframe tbody tr th {\n",
       "        vertical-align: top;\n",
       "    }\n",
       "\n",
       "    .dataframe thead th {\n",
       "        text-align: right;\n",
       "    }\n",
       "</style>\n",
       "<table border=\"1\" class=\"dataframe\">\n",
       "  <thead>\n",
       "    <tr style=\"text-align: right;\">\n",
       "      <th></th>\n",
       "      <th>index</th>\n",
       "      <th>freq/Hz</th>\n",
       "      <th>0.1mS</th>\n",
       "      <th>1mS</th>\n",
       "      <th>10mS</th>\n",
       "      <th>100mS</th>\n",
       "    </tr>\n",
       "  </thead>\n",
       "  <tbody>\n",
       "    <tr>\n",
       "      <th>0</th>\n",
       "      <td>641</td>\n",
       "      <td>7000000.0</td>\n",
       "      <td>142.0</td>\n",
       "      <td>35.3</td>\n",
       "      <td>14.8</td>\n",
       "      <td>59.3</td>\n",
       "    </tr>\n",
       "    <tr>\n",
       "      <th>1</th>\n",
       "      <td>640</td>\n",
       "      <td>6610000.0</td>\n",
       "      <td>179.0</td>\n",
       "      <td>37.6</td>\n",
       "      <td>23.1</td>\n",
       "      <td>83.1</td>\n",
       "    </tr>\n",
       "    <tr>\n",
       "      <th>2</th>\n",
       "      <td>639</td>\n",
       "      <td>6240000.0</td>\n",
       "      <td>312.0</td>\n",
       "      <td>39.2</td>\n",
       "      <td>23.8</td>\n",
       "      <td>78.5</td>\n",
       "    </tr>\n",
       "    <tr>\n",
       "      <th>3</th>\n",
       "      <td>638</td>\n",
       "      <td>5890000.0</td>\n",
       "      <td>301.0</td>\n",
       "      <td>40.4</td>\n",
       "      <td>31.7</td>\n",
       "      <td>50.2</td>\n",
       "    </tr>\n",
       "    <tr>\n",
       "      <th>4</th>\n",
       "      <td>633</td>\n",
       "      <td>4950000.0</td>\n",
       "      <td>138.0</td>\n",
       "      <td>42.0</td>\n",
       "      <td>56.7</td>\n",
       "      <td>68.0</td>\n",
       "    </tr>\n",
       "    <tr>\n",
       "      <th>5</th>\n",
       "      <td>632</td>\n",
       "      <td>4670000.0</td>\n",
       "      <td>228.0</td>\n",
       "      <td>42.1</td>\n",
       "      <td>68.4</td>\n",
       "      <td>77.1</td>\n",
       "    </tr>\n",
       "    <tr>\n",
       "      <th>6</th>\n",
       "      <td>631</td>\n",
       "      <td>4410000.0</td>\n",
       "      <td>249.0</td>\n",
       "      <td>42.4</td>\n",
       "      <td>83.1</td>\n",
       "      <td>96.2</td>\n",
       "    </tr>\n",
       "    <tr>\n",
       "      <th>7</th>\n",
       "      <td>630</td>\n",
       "      <td>4160000.0</td>\n",
       "      <td>260.0</td>\n",
       "      <td>42.3</td>\n",
       "      <td>98.4</td>\n",
       "      <td>95.7</td>\n",
       "    </tr>\n",
       "    <tr>\n",
       "      <th>8</th>\n",
       "      <td>629</td>\n",
       "      <td>3930000.0</td>\n",
       "      <td>278.0</td>\n",
       "      <td>41.8</td>\n",
       "      <td>114.0</td>\n",
       "      <td>114.0</td>\n",
       "    </tr>\n",
       "    <tr>\n",
       "      <th>9</th>\n",
       "      <td>628</td>\n",
       "      <td>3710000.0</td>\n",
       "      <td>321.0</td>\n",
       "      <td>41.8</td>\n",
       "      <td>130.0</td>\n",
       "      <td>122.0</td>\n",
       "    </tr>\n",
       "    <tr>\n",
       "      <th>10</th>\n",
       "      <td>627</td>\n",
       "      <td>3500000.0</td>\n",
       "      <td>340.0</td>\n",
       "      <td>41.7</td>\n",
       "      <td>146.0</td>\n",
       "      <td>133.0</td>\n",
       "    </tr>\n",
       "    <tr>\n",
       "      <th>11</th>\n",
       "      <td>624</td>\n",
       "      <td>3120000.0</td>\n",
       "      <td>378.0</td>\n",
       "      <td>41.5</td>\n",
       "      <td>175.0</td>\n",
       "      <td>161.0</td>\n",
       "    </tr>\n",
       "    <tr>\n",
       "      <th>12</th>\n",
       "      <td>621</td>\n",
       "      <td>2780000.0</td>\n",
       "      <td>439.0</td>\n",
       "      <td>41.5</td>\n",
       "      <td>204.0</td>\n",
       "      <td>178.0</td>\n",
       "    </tr>\n",
       "    <tr>\n",
       "      <th>13</th>\n",
       "      <td>620</td>\n",
       "      <td>2620000.0</td>\n",
       "      <td>456.0</td>\n",
       "      <td>41.4</td>\n",
       "      <td>218.0</td>\n",
       "      <td>187.0</td>\n",
       "    </tr>\n",
       "    <tr>\n",
       "      <th>14</th>\n",
       "      <td>613</td>\n",
       "      <td>2080000.0</td>\n",
       "      <td>536.0</td>\n",
       "      <td>41.3</td>\n",
       "      <td>270.0</td>\n",
       "      <td>171.0</td>\n",
       "    </tr>\n",
       "    <tr>\n",
       "      <th>15</th>\n",
       "      <td>608</td>\n",
       "      <td>1750000.0</td>\n",
       "      <td>601.0</td>\n",
       "      <td>41.2</td>\n",
       "      <td>302.0</td>\n",
       "      <td>181.0</td>\n",
       "    </tr>\n",
       "    <tr>\n",
       "      <th>16</th>\n",
       "      <td>607</td>\n",
       "      <td>1650000.0</td>\n",
       "      <td>621.0</td>\n",
       "      <td>41.2</td>\n",
       "      <td>311.0</td>\n",
       "      <td>185.0</td>\n",
       "    </tr>\n",
       "    <tr>\n",
       "      <th>17</th>\n",
       "      <td>606</td>\n",
       "      <td>1560000.0</td>\n",
       "      <td>650.0</td>\n",
       "      <td>41.1</td>\n",
       "      <td>322.0</td>\n",
       "      <td>188.0</td>\n",
       "    </tr>\n",
       "    <tr>\n",
       "      <th>18</th>\n",
       "      <td>605</td>\n",
       "      <td>1470000.0</td>\n",
       "      <td>674.0</td>\n",
       "      <td>41.2</td>\n",
       "      <td>331.0</td>\n",
       "      <td>193.0</td>\n",
       "    </tr>\n",
       "    <tr>\n",
       "      <th>19</th>\n",
       "      <td>604</td>\n",
       "      <td>1390000.0</td>\n",
       "      <td>696.0</td>\n",
       "      <td>41.1</td>\n",
       "      <td>339.0</td>\n",
       "      <td>199.0</td>\n",
       "    </tr>\n",
       "    <tr>\n",
       "      <th>20</th>\n",
       "      <td>603</td>\n",
       "      <td>1310000.0</td>\n",
       "      <td>725.0</td>\n",
       "      <td>41.2</td>\n",
       "      <td>346.0</td>\n",
       "      <td>205.0</td>\n",
       "    </tr>\n",
       "    <tr>\n",
       "      <th>21</th>\n",
       "      <td>602</td>\n",
       "      <td>1240000.0</td>\n",
       "      <td>748.0</td>\n",
       "      <td>41.1</td>\n",
       "      <td>352.0</td>\n",
       "      <td>213.0</td>\n",
       "    </tr>\n",
       "    <tr>\n",
       "      <th>22</th>\n",
       "      <td>601</td>\n",
       "      <td>1170000.0</td>\n",
       "      <td>774.0</td>\n",
       "      <td>41.2</td>\n",
       "      <td>358.0</td>\n",
       "      <td>224.0</td>\n",
       "    </tr>\n",
       "    <tr>\n",
       "      <th>23</th>\n",
       "      <td>600</td>\n",
       "      <td>1100000.0</td>\n",
       "      <td>807.0</td>\n",
       "      <td>41.2</td>\n",
       "      <td>364.0</td>\n",
       "      <td>234.0</td>\n",
       "    </tr>\n",
       "    <tr>\n",
       "      <th>24</th>\n",
       "      <td>599</td>\n",
       "      <td>1040000.0</td>\n",
       "      <td>831.0</td>\n",
       "      <td>41.2</td>\n",
       "      <td>369.0</td>\n",
       "      <td>248.0</td>\n",
       "    </tr>\n",
       "    <tr>\n",
       "      <th>25</th>\n",
       "      <td>512</td>\n",
       "      <td>146000.0</td>\n",
       "      <td>1450.0</td>\n",
       "      <td>43.1</td>\n",
       "      <td>416.0</td>\n",
       "      <td>3130.0</td>\n",
       "    </tr>\n",
       "    <tr>\n",
       "      <th>26</th>\n",
       "      <td>505</td>\n",
       "      <td>116000.0</td>\n",
       "      <td>1750.0</td>\n",
       "      <td>43.5</td>\n",
       "      <td>418.0</td>\n",
       "      <td>3400.0</td>\n",
       "    </tr>\n",
       "  </tbody>\n",
       "</table>\n",
       "</div>"
      ],
      "text/plain": [
       "    index    freq/Hz   0.1mS   1mS   10mS   100mS\n",
       "0     641  7000000.0   142.0  35.3   14.8    59.3\n",
       "1     640  6610000.0   179.0  37.6   23.1    83.1\n",
       "2     639  6240000.0   312.0  39.2   23.8    78.5\n",
       "3     638  5890000.0   301.0  40.4   31.7    50.2\n",
       "4     633  4950000.0   138.0  42.0   56.7    68.0\n",
       "5     632  4670000.0   228.0  42.1   68.4    77.1\n",
       "6     631  4410000.0   249.0  42.4   83.1    96.2\n",
       "7     630  4160000.0   260.0  42.3   98.4    95.7\n",
       "8     629  3930000.0   278.0  41.8  114.0   114.0\n",
       "9     628  3710000.0   321.0  41.8  130.0   122.0\n",
       "10    627  3500000.0   340.0  41.7  146.0   133.0\n",
       "11    624  3120000.0   378.0  41.5  175.0   161.0\n",
       "12    621  2780000.0   439.0  41.5  204.0   178.0\n",
       "13    620  2620000.0   456.0  41.4  218.0   187.0\n",
       "14    613  2080000.0   536.0  41.3  270.0   171.0\n",
       "15    608  1750000.0   601.0  41.2  302.0   181.0\n",
       "16    607  1650000.0   621.0  41.2  311.0   185.0\n",
       "17    606  1560000.0   650.0  41.1  322.0   188.0\n",
       "18    605  1470000.0   674.0  41.2  331.0   193.0\n",
       "19    604  1390000.0   696.0  41.1  339.0   199.0\n",
       "20    603  1310000.0   725.0  41.2  346.0   205.0\n",
       "21    602  1240000.0   748.0  41.1  352.0   213.0\n",
       "22    601  1170000.0   774.0  41.2  358.0   224.0\n",
       "23    600  1100000.0   807.0  41.2  364.0   234.0\n",
       "24    599  1040000.0   831.0  41.2  369.0   248.0\n",
       "25    512   146000.0  1450.0  43.1  416.0  3130.0\n",
       "26    505   116000.0  1750.0  43.5  418.0  3400.0"
      ]
     },
     "execution_count": 19,
     "metadata": {},
     "output_type": "execute_result"
    }
   ],
   "source": [
    "mg"
   ]
  },
  {
   "cell_type": "code",
   "execution_count": 20,
   "metadata": {},
   "outputs": [],
   "source": []
  },
  {
   "cell_type": "code",
   "execution_count": 21,
   "metadata": {},
   "outputs": [],
   "source": []
  },
  {
   "cell_type": "code",
   "execution_count": null,
   "metadata": {},
   "outputs": [],
   "source": []
  }
 ],
 "metadata": {
  "kernelspec": {
   "display_name": "Python 3",
   "language": "python",
   "name": "python3"
  },
  "language_info": {
   "codemirror_mode": {
    "name": "ipython",
    "version": 3
   },
   "file_extension": ".py",
   "mimetype": "text/x-python",
   "name": "python",
   "nbconvert_exporter": "python",
   "pygments_lexer": "ipython3",
   "version": "3.7.0"
  }
 },
 "nbformat": 4,
 "nbformat_minor": 2
}
